120056789
056009103
080123056
004560801
567891204
890204067
608912045
305678902
910045670

123056789
056009103
080123056
204560801
567891204
890204567
608912045
902345608
340078910

120056789
056009100
080123056
004560801
567091204
800004067
902345078
305678900
670012040

120056789
056009100
080123056
004560801
567091204
890204067
902345078
608912305
340078010

120056789
056009103
080123056
004560801
891034507
560801034
305678012
608912305
910045070

120056709
056009100
080023056
004560801
891000000
500001034
305678012
002345000
600012040

123056009
450789123
009123406
230060001
067801030
091200567
045000900
670900005
002345070

123056009
450789123
009123406
230060001
067801030
091200567
045008900
910300008
008912040

123056709
450789123
089123456
230060801
067801030
091200567
078012300
340678002
902345078

123056709
450789123
089123456
230560801
067801030
091200567
078012300
912345008
305678012

123050009
450789123
009123406
230060001
067801030
091200567
012000600
340600002
008912040

123050009
450789023
009020406
030060001
067800030
090200567
012000600
670900005
005670010

103050009
400089023
009020406
030060001
090200060
060800234
045000000
670900005
002340070

123050009
450789023
009023406
030060001
091204060
067800234
045000900
910300008
008910040

103050009
400089023
009020406
030060000
090200060
060800234
078000000
340600002
002340070

123050009
450789023
009020406
030060001
091204060
060800234
078000300
910300008
005670010

